num_participants: 9
run_count: 51
score: 813.4966666666667
sum_distance_bike: 541.12
sum_distance_ebike: 0
sum_distance_run: 452.75
sum_distance_walk: 0
sum_duration: 3.117777777777778
