num_participants: 23
run_count: 192
score: 1495.0100000000007
sum_distance_bike: 0
sum_distance_ebike: 0
sum_distance_run: 1495.0100000000007
sum_distance_walk: 0
sum_duration: 22.230555555555554
