num_participants: 22
run_count: 182
score: 1416.0800000000006
sum_distance_bike: 0
sum_distance_ebike: 0
sum_distance_run: 1416.0800000000006
sum_distance_walk: 0
sum_duration: 11.849722222222223
